(11, 21)|1
(11, 20)|1
(372, 15)|1
(372, 10)|1
(372, 16)|1
(82, 8)|1
(268, 16)|1
(274, 16)|1
(157, 16)|1
(157, 15)|2
(372, 15)|1
(157, 11)|1
(268, 6)|1
(475, 10)|1
(268, 7)|1
(372, 11)|1
(317, 10)|1
(372, 13)|1
(11, 8)|1
(372, 11)|1
(372, 14)|1
(372, 13)|1
(11, 14)|2
(99, 15)|1
(99, 17)|1
(372, 8)|1
(372, 10)|1
(372, 12)|1
(372, 14)|1
(372, 13)|1
(372, 11)|1
(30, 6)|1
(268, 14)|1
(343, 17)|1
(372, 17)|1
(372, 10)|1
(372, 10)|1
(157, 12)|1
(372, 14)|1
(401, 12)|1
(30, 8)|1
(268, 13)|1
(372, 12)|1
(182, 13)|1
(372, 10)|1
(30, 10)|1
(182, 9)|1
(372, 8)|1
(268, 8)|1
(372, 11)|1
(372, 15)|2
(372, 10)|1
(258, 9)|1
(11, 12)|1
(372, 13)|1
(474, 8)|1
(45, 16)|1
(372, 9)|1
(372, 19)|1
(474, 12)|1
(372, 8)|1
(160, 12)|1
(121, 17)|1
(190, 8)|1
(220, 7)|1
(167, 16)|1
(147, 19)|1
(11, 15)|1
(66, 16)|1
(182, 15)|1
(27, 15)|1
(122, 14)|1
(82, 22)|1
(121, 17)|1
(258, 17)|1
(66, 10)|1
(475, 16)|1
(272, 12)|1
(208, 13)|1
(122, 10)|1
(157, 9)|1
(372, 20)|1
(129, 16)|1
(218, 17)|1
(60, 9)|1
(27, 9)|1
(160, 16)|1
(46, 12)|1
(273, 19)|1
(40, 18)|1
(178, 12)|1
(182, 20)|1
(66, 16)|1
(190, 17)|1
(166, 10)|1
(61, 17)|1
(160, 13)|1
(66, 17)|1
(272, 13)|1
(340, 12)|1
