(166, 8)|41
(66, 16)|148
(179, 16)|181
(167, 13)|48
(475, 19)|65
(46, 12)|129
(157, 23)|5
(218, 16)|109
(45, 9)|7
(401, 16)|210
(475, 9)|52
(204, 22)|23
(35, 15)|30
(294, 9)|34
(268, 20)|87
(220, 17)|200
(147, 7)|34
(82, 14)|156
(174, 13)|126
(268, 22)|6
(473, 18)|54
(220, 15)|181
(470, 18)|32
(39, 11)|58
(208, 13)|398
(218, 8)|34
(209, 8)|115
(27, 1)|2
(209, 12)|492
(30, 14)|416
(88, 17)|270
(274, 17)|382
(129, 19)|151
(472, 13)|24
(30, 16)|642
(167, 10)|20
(273, 21)|51
(473, 8)|81
(129, 15)|147
(157, 16)|309
(474, 15)|215
(340, 12)|217
(477, 18)|25
(401, 9)|51
(475, 14)|181
(343, 17)|392
(204, 13)|101
(273, 14)|170
(157, 10)|82
(205, 16)|30
(209, 17)|559
(11, 8)|31
(477, 12)|36
(60, 20)|130
(147, 12)|193
(343, 15)|264
(82, 9)|34
(11, 15)|180
(470, 21)|15
(149, 14)|653
(171, 17)|71
(268, 11)|181
(470, 15)|11
(471, 14)|10
(4, 12)|673
(274, 8)|41
(190, 7)|6
(66, 17)|128
(472, 20)|131
(174, 22)|3
(249, 11)|174
(473, 17)|215
(202, 10)|10
(268, 9)|54
(68, 15)|106
(474, 22)|7
(129, 14)|91
(340, 11)|175
(272, 15)|31
(182, 19)|110
(475, 7)|36
(178, 19)|28
(202, 20)|101
(30, 20)|555
(268, 10)|27
(218, 19)|169
(45, 21)|443
(60, 19)|268
(147, 21)|42
(258, 16)|112
(61, 18)|283
(149, 23)|6
(60, 9)|23
(258, 10)|73
(160, 17)|312
(121, 13)|113
(61, 12)|107
(122, 10)|5
(4, 11)|150
(208, 17)|447
(190, 14)|160
(209, 14)|763
(40, 11)|20
(412, 8)|2
(88, 5)|21
(249, 12)|171
(190, 16)|230
(474, 17)|408
(179, 13)|318
(40, 17)|166
(340, 18)|23
(167, 22)|4
(317, 16)|170
(66, 12)|120
(46, 11)|191
(412, 18)|16
(45, 14)|171
(182, 12)|161
(340, 8)|120
(317, 10)|31
(273, 8)|191
(35, 8)|4
(294, 20)|6
(209, 19)|370
(11, 22)|10
(149, 16)|1115
(147, 0)|14
(171, 15)|89
(82, 21)|53
(11, 19)|117
(27, 20)|17
(99, 13)|150
(39, 12)|81
(160, 14)|431
(208, 8)|146
(272, 22)|85
(27, 10)|69
(99, 19)|106
(88, 12)|329
(274, 20)|28
(166, 14)|95
(179, 18)|235
(472, 8)|27
(167, 15)|46
(129, 10)|234
(88, 23)|4
(46, 18)|64
(401, 7)|31
(157, 21)|34
(66, 20)|139
(45, 7)|2
(182, 7)|19
(475, 11)|89
(204, 16)|132
(157, 15)|404
(294, 15)|166
(205, 21)|60
(220, 19)|39
(218, 15)|259
(147, 9)|77
(82, 12)|157
(174, 19)|98
(35, 13)|15
(220, 9)|20
(470, 16)|62
(272, 9)|13
(208, 15)|1087
(129, 6)|3
(470, 10)|70
(372, 17)|487
(30, 12)|452
(88, 19)|199
(274, 15)|119
(129, 17)|414
(472, 15)|56
(30, 22)|50
(473, 14)|12
(317, 7)|4
(474, 13)|326
(129, 11)|156
(340, 14)|123
(477, 16)|8
(401, 15)|192
(343, 19)|162
(204, 15)|130
(66, 14)|128
(157, 8)|55
(258, 0)|8
(205, 14)|19
(412, 16)|25
(477, 10)|1
(147, 14)|80
(343, 9)|40
(82, 7)|39
(273, 10)|13
(11, 20)|19
(149, 12)|314
(60, 12)|108
(171, 19)|46
(471, 18)|53
(121, 10)|7
(208, 6)|94
(470, 13)|22
(209, 7)|9
(471, 8)|1
(4, 14)|218
(40, 6)|12
(412, 7)|11
(4, 20)|201
(249, 9)|15
(202, 8)|5
(166, 18)|129
(68, 9)|67
(474, 20)|49
(66, 9)|12
(340, 21)|4
(182, 17)|267
(317, 21)|46
(178, 17)|45
(202, 18)|340
(268, 13)|57
(66, 22)|46
(218, 17)|51
(45, 19)|127
(182, 11)|53
(147, 23)|21
(317, 15)|105
(61, 16)|124
(412, 14)|6
(294, 19)|42
(218, 22)|30
(149, 21)|68
(60, 11)|87
(258, 8)|2
(160, 19)|160
(121, 19)|160
(61, 10)|10
(35, 11)|24
(122, 8)|3
(27, 17)|172
(39, 17)|51
(160, 9)|133
(208, 19)|324
(174, 10)|1
(372, 13)|277
(190, 12)|158
(40, 13)|102
(471, 10)|1
(4, 19)|266
(249, 18)|309
(273, 7)|25
(272, 19)|90
(179, 15)|333
(40, 19)|115
(167, 16)|75
(178, 8)|4
(46, 9)|10
(122, 11)|6
(45, 12)|124
(401, 19)|258
(317, 8)|56
(35, 10)|10
(294, 10)|98
(220, 22)|72
(30, 8)|127
(82, 19)|135
(273, 20)|107
(121, 20)|36
(174, 14)|41
(35, 16)|54
(220, 12)|190
(11, 18)|185
(99, 15)|84
(39, 14)|34
(160, 0)|20
(208, 10)|105
(372, 20)|211
(27, 12)|36
(99, 21)|14
(412, 21)|13
(88, 14)|140
(274, 18)|204
(166, 12)|180
(179, 20)|51
(472, 10)|6
(82, 6)|15
(167, 9)|67
(473, 11)|116
(46, 16)|37
(157, 19)|126
(273, 17)|473
(340, 1)|6
(401, 20)|36
(475, 13)|231
(343, 20)|62
(204, 18)|276
(157, 13)|339
(294, 13)|155
(205, 19)|75
(218, 13)|32
(477, 15)|3
(147, 11)|99
(82, 10)|52
(174, 17)|92
(412, 12)|39
(220, 11)|37
(470, 22)|10
(39, 7)|18
(160, 7)|86
(470, 8)|2
(372, 19)|448
(471, 13)|23
(88, 21)|18
(274, 13)|358
(166, 7)|35
(66, 18)|300
(472, 17)|12
(412, 10)|3
(249, 6)|62
(473, 12)|246
(202, 15)|124
(68, 12)|119
(474, 11)|64
(129, 9)|78
(174, 20)|131
(401, 13)|241
(204, 9)|52
(178, 20)|1
(157, 6)|1
(205, 12)|48
(218, 20)|39
(60, 16)|75
(147, 16)|352
(343, 11)|156
(258, 21)|91
(61, 21)|77
(30, 10)|207
(149, 10)|74
(60, 14)|41
(171, 21)|2
(258, 15)|156
(121, 8)|5
(61, 15)|185
(122, 15)|26
(11, 16)|304
(272, 16)|39
(4, 8)|52
(190, 11)|66
(40, 8)|28
(249, 15)|344
(473, 21)|78
(166, 16)|42
(68, 11)|77
(474, 18)|163
(179, 8)|44
(340, 23)|3
(167, 21)|23
(401, 6)|9
(317, 19)|132
(178, 15)|261
(202, 16)|106
(68, 17)|103
(45, 17)|205
(182, 9)|42
(317, 13)|47
(209, 23)|14
(268, 17)|252
(294, 17)|156
(149, 19)|145
(171, 10)|13
(82, 22)|17
(160, 21)|301
(121, 17)|81
(61, 8)|6
(122, 22)|2
(27, 19)|7
(99, 8)|15
(39, 19)|90
(160, 11)|372
(208, 21)|223
(35, 7)|3
(372, 15)|186
(27, 9)|16
(40, 15)|50
(88, 9)|41
(249, 16)|280
(129, 12)|295
(166, 11)|180
(190, 20)|49
(179, 17)|205
(40, 21)|27
(167, 18)|62
(475, 16)|188
(272, 10)|40
(46, 15)|199
(474, 7)|18
(209, 22)|10
(340, 4)|12
(45, 10)|21
(401, 17)|531
(204, 21)|44
(35, 12)|42
(294, 8)|52
(220, 16)|202
(174, 16)|39
(272, 14)|41
(82, 17)|377
(174, 12)|59
(35, 18)|53
(258, 6)|1
(220, 14)|106
(122, 17)|4
(272, 13)|87
(340, 0)|19
(160, 2)|2
(208, 12)|569
(272, 18)|57
(209, 9)|97
(27, 14)|117
(157, 1)|1
(412, 23)|2
(88, 16)|432
(88, 7)|8
(274, 16)|342
(205, 7)|51
(129, 20)|41
(472, 12)|24
(30, 19)|475
(167, 11)|36
(473, 9)|20
(157, 17)|307
(68, 7)|2
(474, 14)|297
(401, 10)|139
(475, 15)|182
(343, 22)|4
(204, 12)|155
(157, 11)|85
(205, 17)|99
(218, 11)|17
(477, 13)|20
(147, 13)|211
(343, 12)|87
(82, 8)|114
(11, 12)|263
(470, 20)|5
(149, 15)|245
(471, 17)|24
(208, 3)|1
(209, 10)|172
(470, 14)|46
(27, 7)|12
(471, 15)|38
(273, 12)|159
(11, 5)|3
(274, 11)|133
(129, 21)|181
(472, 19)|49
(167, 0)|20
(474, 16)|278
(66, 11)|51
(202, 13)|46
(68, 14)|135
(474, 9)|78
(66, 10)|47
(340, 10)|384
(182, 18)|93
(204, 11)|108
(178, 18)|171
(68, 20)|66
(205, 10)|28
(209, 16)|521
(218, 18)|108
(45, 22)|84
(60, 18)|16
(147, 18)|229
(258, 19)|105
(61, 19)|118
(268, 19)|22
(60, 8)|43
(258, 13)|107
(160, 16)|254
(121, 14)|152
(61, 13)|155
(122, 13)|11
(4, 18)|384
(4, 10)|159
(208, 16)|879
(45, 8)|10
(174, 7)|2
(190, 9)|34
(40, 10)|21
(147, 22)|76
(4, 16)|614
(249, 13)|67
(166, 22)|12
(190, 19)|58
(66, 19)|547
(179, 10)|203
(40, 16)|214
(340, 17)|22
(167, 23)|3
(182, 21)|30
(317, 17)|154
(178, 13)|83
(46, 10)|69
(412, 11)|21
(68, 19)|126
(45, 15)|237
(182, 15)|152
(317, 11)|80
(149, 17)|295
(60, 7)|22
(171, 12)|389
(82, 20)|106
(160, 23)|49
(174, 11)|101
(205, 22)|13
(27, 21)|2
(99, 10)|31
(39, 13)|58
(160, 13)|434
(208, 23)|14
(470, 11)|7
(372, 9)|68
(27, 11)|39
(209, 13)|246
(99, 16)|23
(88, 11)|77
(258, 23)|3
(166, 9)|26
(179, 19)|86
(472, 7)|8
(167, 12)|86
(475, 18)|77
(66, 13)|56
(46, 13)|146
(157, 22)|14
(209, 18)|599
(30, 13)|716
(273, 16)|448
(401, 23)|13
(475, 8)|27
(204, 23)|5
(88, 20)|18
(294, 14)|103
(268, 21)|10
(220, 18)|58
(218, 14)|27
(147, 6)|2
(82, 15)|324
(174, 18)|89
(35, 20)|38
(220, 8)|5
(470, 19)|16
(149, 4)|94
(205, 9)|17
(39, 10)|39
(208, 14)|382
(372, 16)|238
(27, 0)|1
(30, 15)|597
(88, 18)|317
(274, 14)|57
(129, 18)|230
(472, 14)|4
(30, 17)|645
(473, 15)|180
(46, 20)|35
(205, 11)|10
(66, 21)|150
(340, 13)|125
(477, 17)|40
(401, 8)|37
(343, 16)|349
(204, 14)|92
(157, 9)|34
(205, 15)|65
(218, 9)|16
(60, 21)|4
(147, 15)|114
(343, 14)|348
(258, 22)|15
(174, 21)|60
(272, 17)|59
(220, 7)|24
(149, 13)|1436
(272, 12)|54
(171, 16)|62
(471, 19)|44
(121, 11)|5
(208, 5)|33
(470, 12)|3
(471, 9)|4
(4, 13)|513
(274, 9)|24
(88, 8)|83
(209, 15)|448
(472, 21)|23
(249, 10)|137
(473, 16)|282
(202, 11)|9
(68, 8)|52
(129, 13)|209
(340, 20)|54
(182, 16)|191
(475, 6)|7
(317, 22)|5
(178, 16)|70
(205, 8)|7
(412, 17)|70
(45, 20)|182
(182, 10)|113
(147, 20)|155
(258, 17)|217
(273, 9)|214
(61, 17)|336
(294, 18)|240
(149, 22)|24
(60, 10)|37
(171, 9)|18
(258, 11)|79
(160, 18)|210
(121, 12)|117
(61, 11)|36
(470, 7)|4
(11, 9)|352
(99, 7)|48
(160, 8)|19
(208, 18)|1041
(372, 12)|139
(190, 15)|167
(40, 12)|321
(88, 6)|2
(249, 19)|214
(166, 20)|159
(190, 17)|408
(157, 7)|14
(179, 12)|148
(40, 18)|238
(340, 19)|59
(167, 17)|58
(178, 11)|95
(46, 8)|4
(268, 14)|241
(66, 23)|3
(45, 13)|388
(182, 13)|241
(317, 9)|20
(412, 15)|15
(294, 21)|8
(220, 21)|20
(4, 17)|698
(171, 14)|310
(82, 18)|51
(121, 21)|37
(174, 9)|23
(35, 17)|35
(122, 18)|4
(27, 23)|3
(471, 16)|18
(99, 12)|28
(39, 15)|17
(160, 15)|479
(208, 9)|92
(129, 7)|2
(372, 11)|108
(27, 13)|107
(99, 18)|100
(412, 20)|31
(88, 13)|326
(249, 20)|48
(273, 6)|2
(274, 21)|24
(166, 15)|109
(179, 21)|18
(472, 9)|19
(167, 14)|49
(475, 20)|94
(157, 20)|247
(474, 12)|168
(401, 21)|106
(475, 10)|1
(343, 21)|43
(204, 17)|253
(157, 14)|277
(294, 12)|79
(205, 20)|29
(178, 10)|70
(30, 9)|111
(147, 8)|137
(171, 7)|7
(82, 13)|193
(273, 11)|32
(11, 11)|146
(220, 10)|20
(470, 17)|26
(11, 21)|43
(471, 20)|24
(160, 6)|5
(122, 7)|2
(372, 18)|391
(412, 19)|19
(273, 15)|688
(274, 12)|121
(129, 16)|201
(472, 16)|21
(167, 7)|4
(249, 7)|5
(473, 13)|396
(202, 14)|9
(474, 10)|98
(66, 15)|336
(340, 15)|55
(401, 14)|82
(343, 18)|165
(204, 8)|14
(268, 12)|646
(294, 7)|9
(205, 13)|11
(218, 23)|50
(179, 6)|12
(147, 17)|201
(343, 8)|8
(258, 20)|87
(61, 22)|39
(412, 13)|25
(149, 11)|187
(60, 13)|77
(268, 15)|397
(171, 18)|31
(258, 14)|41
(121, 9)|20
(208, 7)|124
(122, 14)|2
(209, 6)|10
(471, 11)|94
(4, 15)|248
(274, 7)|18
(190, 10)|120
(40, 7)|2
(4, 21)|152
(249, 8)|14
(473, 22)|38
(202, 9)|2
(166, 19)|246
(68, 10)|35
(272, 8)|4
(272, 11)|33
(11, 14)|169
(182, 22)|21
(317, 20)|216
(178, 14)|420
(202, 19)|80
(157, 0)|60
(68, 16)|84
(45, 18)|148
(182, 8)|37
(209, 11)|226
(317, 14)|54
(294, 16)|249
(30, 11)|448
(149, 20)|4
(171, 11)|42
(258, 9)|23
(160, 20)|120
(121, 18)|64
(61, 9)|218
(122, 9)|13
(27, 16)|94
(99, 9)|26
(39, 16)|15
(160, 10)|556
(208, 20)|415
(372, 14)|336
(190, 13)|203
(40, 14)|258
(273, 19)|327
(249, 17)|199
(179, 14)|130
(40, 20)|9
(167, 19)|104
(475, 17)|65
(178, 9)|52
(46, 14)|472
(209, 20)|190
(39, 20)|5
(45, 11)|18
(401, 18)|211
(204, 20)|93
(268, 18)|278
(294, 11)|170
(147, 5)|1
(82, 16)|534
(174, 15)|26
(35, 19)|13
(220, 13)|164
(122, 16)|20
(149, 7)|4
(99, 14)|197
(39, 9)|12
(160, 1)|22
(208, 11)|317
(179, 0)|2
(372, 21)|58
(27, 15)|66
(99, 20)|107
(412, 22)|2
(88, 15)|470
(179, 9)|52
(274, 19)|173
(166, 13)|114
(30, 18)|560
(167, 8)|15
(340, 22)|76
(473, 10)|48
(46, 17)|55
(157, 18)|273
(209, 21)|8
(340, 2)|4
(401, 11)|187
(475, 12)|186
(204, 19)|264
(157, 12)|260
(205, 18)|85
(218, 10)|30
(477, 14)|28
(147, 10)|32
(343, 13)|240
(82, 11)|177
(204, 7)|23
(11, 13)|325
(272, 21)|48
(149, 0)|6
(46, 7)|5
(121, 6)|16
(470, 9)|36
(61, 7)|30
(471, 12)|57
(273, 13)|112
(274, 10)|26
(129, 22)|180
(472, 18)|80
(30, 21)|99
(473, 19)|78
(202, 12)|22
(68, 13)|58
(129, 8)|104
(340, 9)|427
(401, 12)|130
(204, 10)|38
(157, 5)|29
(268, 8)|133
(218, 21)|18
(60, 17)|100
(147, 19)|125
(343, 10)|70
(258, 18)|113
(61, 20)|48
(268, 16)|131
(149, 9)|21
(60, 15)|98
(171, 20)|29
(258, 12)|62
(121, 15)|90
(61, 14)|105
(122, 12)|9
(273, 18)|569
(39, 21)|18
(4, 9)|74
(475, 21)|90
(190, 8)|48
(249, 14)|233
(473, 20)|286
(66, 8)|11
(166, 17)|52
(190, 18)|81
(474, 19)|117
(179, 11)|181
(179, 7)|2
(340, 16)|66
(167, 20)|36
(182, 20)|87
(317, 18)|156
(178, 12)|229
(202, 17)|163
(68, 18)|125
(268, 7)|57
(272, 20)|65
(11, 10)|289
(45, 16)|153
(182, 14)|261
(476, 14)|16
(317, 12)|111
(149, 18)|67
(171, 13)|370
(258, 7)|2
(160, 22)|154
(121, 16)|104
(11, 17)|76
(27, 18)|51
(99, 11)|12
(39, 18)|164
(160, 12)|353
(208, 22)|23
(372, 8)|20
(401, 22)|132
(99, 17)|82
(88, 10)|30
