(149, 12)|1
(149, 12)|1
(412, 21)|1
(208, 21)|1
(412, 19)|1
(208, 20)|1
(412, 22)|1
(412, 7)|1
(412, 21)|1
(208, 20)|1
(412, 7)|1
(208, 20)|1
(208, 14)|1
(208, 19)|2
(208, 19)|2
(208, 19)|1
(412, 7)|1
(412, 19)|1
(412, 13)|1
(208, 20)|1
(412, 20)|2
(171, 18)|1
(171, 18)|1
(171, 18)|1
(412, 19)|1
(208, 19)|1
(208, 21)|1
(412, 15)|1
(208, 21)|1
(412, 13)|1
(412, 13)|1
(208, 18)|1
(208, 20)|1
(412, 18)|1
(208, 23)|1
(412, 23)|1
(412, 19)|1
(412, 19)|1
(208, 21)|1
(208, 15)|1
(171, 18)|1
(160, 18)|2
(412, 13)|1
(208, 21)|1
(412, 19)|1
(412, 19)|1
(412, 21)|1
(412, 7)|1
(208, 19)|1
(412, 21)|1
(208, 21)|1
(412, 21)|1
(208, 19)|1
(412, 21)|1
(208, 17)|1
(171, 18)|2
(412, 19)|1
(208, 20)|1
(412, 15)|1
(208, 19)|1
(412, 21)|1
(412, 21)|1
(208, 23)|1
(208, 23)|1
(412, 19)|1
(208, 23)|1
(208, 21)|1
(412, 23)|1
(412, 19)|1
(412, 19)|1
(412, 21)|1
(412, 13)|1
(412, 15)|1
(412, 7)|1
(208, 19)|1
(208, 20)|2
(412, 19)|1
(412, 13)|1
(412, 7)|1
(208, 20)|1
(412, 19)|1
(412, 7)|1
(412, 10)|1
(171, 18)|2
(208, 23)|1
(208, 20)|1
(208, 23)|1
(412, 21)|1
(208, 23)|1
(208, 19)|1
(171, 18)|1
(412, 7)|1
(171, 18)|1
(171, 18)|1
(171, 18)|2
(208, 19)|1
(412, 13)|1
(208, 15)|1
(208, 20)|1
(171, 18)|1
